1500 2000
1 2
2 3
1 4
2 5
2 6
3 7
3 8
8 9
3 10
9 11
7 12
1 13
10 14
10 15
11 16
7 17
10 18
9 19
3 20
8 21
7 22
21 23
6 24
7 25
18 26
7 27
23 28
12 29
6 30
4 31
25 32
13 33
11 34
33 35
13 36
21 37
23 38
27 39
23 40
13 41
10 42
36 43
5 44
24 45
19 46
5 47
39 48
11 49
22 50
2 51
13 52
40 53
30 54
28 55
52 56
17 57
3 58
3 59
4 60
37 61
54 62
46 63
27 64
64 65
47 66
17 67
50 68
52 69
65 70
22 71
2 72
55 73
1 74
71 75
56 76
73 77
22 78
13 79
46 80
29 81
46 82
60 83
52 84
12 85
81 86
69 87
53 88
85 89
83 90
67 91
33 92
81 93
17 94
18 95
30 96
21 97
21 98
63 99
38 100
92 101
54 102
48 103
69 104
78 105
21 106
6 107
55 108
37 109
76 110
88 111
4 112
103 113
101 114
24 115
36 116
25 117
39 118
48 119
95 120
91 121
46 122
27 123
30 124
43 125
78 126
28 127
118 128
86 129
28 130
5 131
13 132
44 133
64 134
92 135
85 136
115 137
34 138
109 139
38 140
63 141
127 142
51 143
125 144
1 145
125 146
51 147
121 148
137 149
144 150
149 151
122 152
33 153
135 154
112 155
149 156
139 157
97 158
153 159
69 160
10 161
158 162
113 163
93 164
32 165
118 166
44 167
58 168
141 169
71 170
139 171
80 172
171 173
38 174
104 175
23 176
82 177
153 178
155 179
167 180
159 181
113 182
129 183
132 184
65 185
33 186
34 187
107 188
65 189
187 190
69 191
162 192
121 193
156 194
172 195
132 196
100 197
103 198
72 199
144 200
157 201
154 202
43 203
15 204
38 205
201 206
23 207
94 208
162 209
55 210
150 211
12 212
16 213
61 214
67 215
6 216
186 217
144 218
85 219
82 220
26 221
172 222
74 223
87 224
140 225
98 226
93 227
89 228
37 229
9 230
31 231
225 232
34 233
157 234
131 235
184 236
35 237
114 238
165 239
221 240
89 241
186 242
30 243
116 244
122 245
149 246
49 247
247 248
204 249
234 250
26 251
65 252
157 253
74 254
233 255
254 256
42 257
8 258
84 259
41 260
254 261
255 262
119 263
18 264
188 265
95 266
113 267
190 268
94 269
134 270
262 271
36 272
256 273
57 274
55 275
112 276
12 277
166 278
107 279
157 280
264 281
58 282
12 283
245 284
235 285
195 286
163 287
113 288
59 289
278 290
35 291
139 292
203 293
101 294
170 295
195 296
27 297
33 298
37 299
270 300
240 301
172 302
10 303
239 304
254 305
117 306
75 307
83 308
35 309
163 310
106 311
303 312
69 313
192 314
261 315
271 316
71 317
253 318
212 319
181 320
232 321
157 322
40 323
231 324
284 325
171 326
273 327
35 328
208 329
48 330
232 331
5 332
40 333
80 334
134 335
297 336
331 337
299 338
216 339
254 340
197 341
132 342
220 343
167 344
324 345
83 346
107 347
6 348
277 349
19 350
60 351
231 352
24 353
129 354
113 355
168 356
94 357
334 358
106 359
88 360
218 361
308 362
21 363
179 364
310 365
272 366
61 367
46 368
80 369
204 370
77 371
259 372
217 373
162 374
59 375
168 376
251 377
363 378
165 379
375 380
337 381
176 382
321 383
42 384
51 385
109 386
353 387
89 388
293 389
170 390
383 391
317 392
97 393
196 394
200 395
356 396
203 397
49 398
322 399
76 400
195 401
135 402
293 403
290 404
196 405
72 406
274 407
150 408
76 409
315 410
165 411
133 412
304 413
190 414
46 415
186 416
354 417
11 418
283 419
293 420
99 421
74 422
389 423
328 424
422 425
214 426
335 427
358 428
214 429
238 430
2 431
381 432
159 433
91 434
159 435
121 436
80 437
147 438
363 439
338 440
199 441
292 442
331 443
283 444
257 445
185 446
369 447
18 448
332 449
221 450
385 451
261 452
398 453
188 454
173 455
309 456
80 457
222 458
298 459
165 460
299 461
156 462
76 463
283 464
57 465
439 466
227 467
78 468
196 469
455 470
342 471
22 472
402 473
14 474
155 475
349 476
456 477
426 478
52 479
94 480
313 481
218 482
195 483
380 484
425 485
143 486
359 487
152 488
231 489
10 490
274 491
326 492
34 493
46 494
441 495
403 496
155 497
320 498
485 499
4 500
368 501
220 502
166 503
8 504
343 505
232 506
414 507
298 508
114 509
325 510
230 511
198 512
369 513
61 514
45 515
139 516
437 517
277 518
99 519
232 520
372 521
337 522
463 523
430 524
524 525
117 526
322 527
206 528
460 529
203 530
264 531
269 532
37 533
434 534
375 535
482 536
157 537
56 538
423 539
205 540
234 541
229 542
303 543
353 544
221 545
38 546
320 547
1 548
113 549
117 550
145 551
179 552
285 553
202 554
135 555
439 556
236 557
94 558
96 559
59 560
165 561
183 562
177 563
292 564
526 565
200 566
170 567
95 568
381 569
103 570
312 571
77 572
236 573
453 574
526 575
64 576
356 577
88 578
235 579
107 580
149 581
293 582
15 583
193 584
197 585
508 586
409 587
313 588
75 589
586 590
203 591
362 592
429 593
484 594
303 595
464 596
531 597
233 598
431 599
114 600
38 601
556 602
577 603
6 604
117 605
471 606
323 607
211 608
79 609
524 610
366 611
374 612
597 613
406 614
504 615
305 616
9 617
19 618
1 619
239 620
284 621
374 622
587 623
254 624
556 625
159 626
19 627
391 628
520 629
399 630
592 631
511 632
104 633
49 634
122 635
126 636
316 637
507 638
332 639
353 640
100 641
295 642
241 643
627 644
226 645
384 646
185 647
139 648
107 649
148 650
134 651
426 652
491 653
548 654
352 655
142 656
634 657
184 658
500 659
127 660
114 661
17 662
332 663
53 664
523 665
582 666
480 667
141 668
13 669
400 670
478 671
463 672
366 673
662 674
464 675
551 676
315 677
517 678
66 679
647 680
554 681
232 682
372 683
319 684
120 685
63 686
251 687
20 688
688 689
668 690
231 691
76 692
145 693
643 694
223 695
186 696
320 697
686 698
621 699
341 700
261 701
44 702
663 703
599 704
50 705
492 706
50 707
303 708
188 709
382 710
97 711
220 712
207 713
192 714
107 715
339 716
588 717
119 718
597 719
380 720
341 721
141 722
127 723
653 724
555 725
310 726
401 727
318 728
502 729
711 730
631 731
64 732
198 733
568 734
168 735
394 736
730 737
294 738
149 739
619 740
406 741
504 742
183 743
713 744
520 745
6 746
276 747
630 748
590 749
112 750
664 751
600 752
161 753
708 754
257 755
602 756
546 757
651 758
725 759
575 760
438 761
381 762
511 763
510 764
115 765
41 766
581 767
215 768
141 769
145 770
361 771
284 772
276 773
1 774
346 775
77 776
648 777
130 778
621 779
104 780
262 781
175 782
230 783
523 784
301 785
206 786
683 787
411 788
489 789
684 790
60 791
193 792
751 793
659 794
772 795
70 796
521 797
407 798
220 799
321 800
659 801
253 802
577 803
729 804
586 805
66 806
298 807
339 808
452 809
361 810
201 811
542 812
185 813
390 814
587 815
152 816
320 817
642 818
529 819
775 820
680 821
441 822
457 823
806 824
121 825
322 826
506 827
453 828
550 829
528 830
658 831
740 832
501 833
566 834
564 835
489 836
209 837
392 838
342 839
402 840
342 841
822 842
596 843
181 844
842 845
452 846
192 847
181 848
738 849
595 850
311 851
450 852
528 853
791 854
285 855
252 856
52 857
209 858
59 859
36 860
469 861
18 862
699 863
185 864
186 865
656 866
232 867
543 868
424 869
298 870
301 871
220 872
669 873
431 874
682 875
138 876
169 877
440 878
127 879
74 880
572 881
448 882
772 883
279 884
556 885
753 886
601 887
61 888
737 889
157 890
388 891
441 892
210 893
216 894
465 895
827 896
234 897
440 898
319 899
622 900
319 901
114 902
766 903
897 904
201 905
803 906
296 907
661 908
442 909
336 910
320 911
290 912
597 913
562 914
130 915
762 916
593 917
453 918
222 919
676 920
423 921
896 922
417 923
622 924
178 925
344 926
813 927
694 928
205 929
914 930
514 931
440 932
851 933
677 934
169 935
549 936
35 937
521 938
682 939
647 940
78 941
837 942
816 943
303 944
69 945
137 946
185 947
307 948
361 949
577 950
133 951
438 952
134 953
864 954
752 955
518 956
48 957
249 958
238 959
371 960
620 961
158 962
631 963
522 964
478 965
204 966
2 967
14 968
402 969
746 970
899 971
216 972
932 973
105 974
108 975
369 976
548 977
399 978
224 979
171 980
2 981
195 982
129 983
769 984
327 985
677 986
875 987
940 988
464 989
371 990
46 991
347 992
558 993
357 994
532 995
815 996
775 997
223 998
669 999
514 1000
126 1001
735 1002
699 1003
920 1004
721 1005
332 1006
886 1007
864 1008
235 1009
958 1010
540 1011
62 1012
404 1013
934 1014
420 1015
987 1016
753 1017
741 1018
549 1019
493 1020
763 1021
786 1022
365 1023
826 1024
124 1025
604 1026
11 1027
246 1028
927 1029
249 1030
58 1031
733 1032
328 1033
349 1034
164 1035
844 1036
484 1037
278 1038
808 1039
138 1040
481 1041
635 1042
5 1043
411 1044
549 1045
987 1046
582 1047
250 1048
124 1049
936 1050
89 1051
601 1052
596 1053
325 1054
23 1055
605 1056
701 1057
693 1058
389 1059
989 1060
112 1061
88 1062
73 1063
83 1064
838 1065
1015 1066
767 1067
457 1068
1033 1069
876 1070
547 1071
664 1072
1007 1073
547 1074
609 1075
448 1076
1075 1077
941 1078
411 1079
686 1080
336 1081
290 1082
217 1083
962 1084
183 1085
672 1086
574 1087
785 1088
537 1089
887 1090
539 1091
156 1092
85 1093
546 1094
992 1095
722 1096
27 1097
707 1098
616 1099
737 1100
248 1101
1035 1102
907 1103
986 1104
1084 1105
617 1106
453 1107
628 1108
74 1109
94 1110
606 1111
553 1112
990 1113
834 1114
499 1115
790 1116
725 1117
8 1118
453 1119
613 1120
88 1121
318 1122
132 1123
754 1124
690 1125
790 1126
851 1127
654 1128
860 1129
1057 1130
293 1131
232 1132
642 1133
1121 1134
298 1135
737 1136
128 1137
453 1138
345 1139
592 1140
608 1141
286 1142
512 1143
799 1144
1013 1145
591 1146
605 1147
520 1148
657 1149
112 1150
623 1151
489 1152
195 1153
485 1154
801 1155
535 1156
948 1157
12 1158
844 1159
524 1160
203 1161
539 1162
206 1163
677 1164
894 1165
9 1166
426 1167
716 1168
1091 1169
406 1170
973 1171
116 1172
763 1173
1173 1174
245 1175
358 1176
798 1177
540 1178
82 1179
991 1180
795 1181
185 1182
400 1183
939 1184
1121 1185
470 1186
81 1187
469 1188
250 1189
749 1190
418 1191
112 1192
1151 1193
477 1194
122 1195
319 1196
433 1197
501 1198
164 1199
650 1200
142 1201
812 1202
411 1203
699 1204
238 1205
751 1206
451 1207
521 1208
488 1209
25 1210
242 1211
1004 1212
380 1213
1042 1214
32 1215
190 1216
827 1217
622 1218
243 1219
894 1220
605 1221
575 1222
774 1223
807 1224
913 1225
1012 1226
966 1227
1011 1228
745 1229
1127 1230
83 1231
268 1232
296 1233
1216 1234
304 1235
728 1236
778 1237
1178 1238
764 1239
743 1240
251 1241
954 1242
111 1243
1226 1244
938 1245
581 1246
813 1247
978 1248
23 1249
302 1250
582 1251
297 1252
1087 1253
1177 1254
731 1255
743 1256
743 1257
1147 1258
232 1259
969 1260
564 1261
1076 1262
1239 1263
631 1264
825 1265
1096 1266
447 1267
1240 1268
170 1269
1044 1270
1073 1271
980 1272
55 1273
435 1274
1034 1275
586 1276
804 1277
425 1278
1136 1279
803 1280
575 1281
200 1282
279 1283
1213 1284
822 1285
792 1286
575 1287
165 1288
364 1289
904 1290
666 1291
1017 1292
426 1293
1114 1294
284 1295
1074 1296
858 1297
1228 1298
928 1299
1137 1300
86 1301
239 1302
920 1303
696 1304
333 1305
791 1306
1008 1307
523 1308
255 1309
977 1310
873 1311
1276 1312
891 1313
867 1314
40 1315
1275 1316
494 1317
1120 1318
1024 1319
1167 1320
597 1321
835 1322
642 1323
23 1324
309 1325
1176 1326
532 1327
413 1328
690 1329
779 1330
1329 1331
278 1332
1082 1333
516 1334
127 1335
1318 1336
516 1337
208 1338
377 1339
621 1340
337 1341
491 1342
308 1343
15 1344
785 1345
954 1346
729 1347
859 1348
329 1349
169 1350
211 1351
862 1352
596 1353
444 1354
363 1355
221 1356
1219 1357
380 1358
340 1359
238 1360
761 1361
680 1362
1288 1363
1302 1364
651 1365
1218 1366
387 1367
1194 1368
420 1369
395 1370
309 1371
761 1372
89 1373
390 1374
119 1375
452 1376
1067 1377
582 1378
195 1379
783 1380
1285 1381
952 1382
409 1383
817 1384
816 1385
761 1386
394 1387
1107 1388
551 1389
859 1390
306 1391
1041 1392
616 1393
336 1394
564 1395
868 1396
1176 1397
1170 1398
1178 1399
448 1400
94 1401
722 1402
357 1403
119 1404
983 1405
290 1406
456 1407
513 1408
496 1409
251 1410
1152 1411
1239 1412
1073 1413
722 1414
309 1415
584 1416
1265 1417
528 1418
971 1419
1006 1420
726 1421
686 1422
1040 1423
347 1424
1126 1425
572 1426
544 1427
767 1428
46 1429
892 1430
925 1431
629 1432
1409 1433
845 1434
407 1435
405 1436
1408 1437
521 1438
938 1439
832 1440
1033 1441
1168 1442
520 1443
965 1444
766 1445
1426 1446
798 1447
949 1448
1072 1449
205 1450
332 1451
972 1452
671 1453
19 1454
37 1455
735 1456
315 1457
517 1458
1244 1459
1285 1460
875 1461
416 1462
1376 1463
1159 1464
237 1465
242 1466
351 1467
62 1468
1127 1469
768 1470
466 1471
1384 1472
29 1473
1450 1474
1140 1475
808 1476
851 1477
1122 1478
1247 1479
403 1480
796 1481
812 1482
835 1483
59 1484
258 1485
1196 1486
286 1487
11 1488
1312 1489
248 1490
304 1491
1353 1492
449 1493
304 1494
1293 1495
997 1496
1003 1497
73 1498
863 1499
811 1500
285 138
829 526
324 303
513 1426
128 997
581 1133
1245 1400
1338 1498
224 283
855 1
1487 1495
718 500
1208 460
429 650
398 1466
882 924
752 703
1307 1485
251 1084
529 1127
201 81
791 1218
43 764
1190 1309
991 328
934 643
1239 174
604 1328
550 720
1193 1356
1214 1138
805 1475
606 614
954 1077
1072 935
586 1108
1243 1240
1068 103
1175 397
810 1153
437 634
611 427
1109 1239
331 203
1037 624
265 1470
520 902
504 1166
26 717
577 463
930 716
298 562
125 818
268 644
801 402
918 366
1014 1233
711 1257
7 1390
1152 524
428 315
1136 1475
91 1086
259 654
737 230
1258 1362
1462 3
359 1328
1264 1259
519 1184
79 295
86 923
1289 1221
837 1328
1268 1347
1475 1063
564 268
301 344
1167 966
166 3
578 664
1347 1447
1238 1356
818 148
118 839
649 1091
563 1076
505 1441
1034 599
288 897
656 1243
1024 1038
560 1061
1457 608
648 730
244 648
1129 167
629 1486
949 747
378 674
730 1167
793 526
500 729
721 1443
173 857
135 671
1132 156
1178 1266
1076 369
840 520
1363 1122
99 433
551 683
196 734
519 937
329 431
1181 949
1253 905
1067 1150
932 326
639 1160
688 1455
47 955
1171 246
853 1164
1421 159
67 1494
989 1344
47 1023
839 1203
1301 292
1077 851
65 959
867 399
366 1219
1155 698
1407 201
1489 1272
450 385
853 1076
1442 518
1374 862
713 486
1223 270
169 566
1088 966
538 738
187 1273
625 103
480 277
1163 1300
294 1466
1033 806
1086 207
583 1172
929 836
171 103
409 721
1411 187
300 1014
709 749
1473 851
706 841
1039 678
1077 51
635 990
1418 938
408 1287
1350 1065
497 1100
120 1066
759 175
180 191
707 119
1472 595
538 1246
808 917
1067 1209
638 423
1169 685
949 605
650 319
54 1391
839 652
537 1237
1009 546
393 689
786 185
1422 582
220 465
129 1231
1407 1046
917 1442
838 417
701 1250
928 591
386 403
807 300
1351 1136
153 730
50 1109
145 201
1160 419
576 97
660 481
1332 1422
1048 1028
696 1171
728 1296
1330 643
1083 808
362 1295
272 1412
1431 992
1089 366
431 1060
1390 339
1130 210
147 847
311 515
934 1386
467 447
784 1436
849 981
318 1284
1286 1042
1205 260
1061 1142
1069 164
1278 480
1441 988
677 127
903 414
996 1045
1469 13
564 989
1401 862
784 519
893 553
430 511
270 808
1456 294
182 290
42 1116
55 327
876 639
238 1089
515 1250
180 618
743 630
1439 440
223 937
688 378
1448 1375
324 493
355 706
749 873
322 408
290 1226
137 804
781 597
1257 101
312 11
420 462
1422 103
1070 215
796 1066
868 919
1039 696
1323 543
1183 1286
891 1113
461 512
1373 844
965 1416
65 7
148 806
1188 488
619 773
1489 1399
1343 889
1218 1043
1476 578
894 904
475 146
1045 1306
777 1443
731 1493
1392 1159
1332 1157
1108 1388
436 1396
63 314
638 282
44 610
1170 872
270 24
932 412
1307 880
1051 267
1327 1422
253 472
115 441
373 780
661 1356
1278 618
1440 16
282 885
1115 383
167 1476
299 66
1004 424
1386 342
582 57
509 1025
1239 1322
1289 1411
127 513
939 230
49 1474
322 508
464 66
658 354
837 579
131 56
762 806
332 840
959 838
564 1451
1252 907
1489 102
900 669
531 208
364 1226
1219 808
803 137
749 1474
349 908
790 1003
73 788
898 285
499 1448
577 195
829 576
884 304
698 1483
1403 293
809 1191
60 1014
403 1207
54 958
635 1264
912 1334
1045 268
1120 1230
877 5
1131 1345
509 2
729 1234
654 87
68 1300
262 981
478 571
1278 1144
496 231
419 280
1202 944
822 221
983 495
56 1487
855 1212
1217 1320
784 36
585 1248
301 1042
1444 848
274 52
182 1118
1063 1279
1395 1420
659 1055
52 1485
37 332
719 1131
372 853
119 851
752 997
606 1123
1347 416
445 718
1497 1306
1365 1201
1160 1275
390 1288
1329 707
104 671
138 1042
984 163
1458 1290
26 366
1129 866
1491 1308
99 400
1245 1098
775 625
569 587
1053 1324
927 1363
976 1105
328 1244
1059 793
1197 1323
406 1155
426 1356
983 522
592 439
142 786
104 1474
332 1277
905 689
115 627
1193 889
490 223
474 1076
1498 163
803 192
842 566
464 278
279 1245
565 197
51 20
455 847
1411 1245
243 1266
950 1136
797 83
504 137
628 855
974 8
171 127
404 472
1415 1258
745 1210
706 793
145 1410
1219 686
729 270
1039 79
1383 661
644 97
944 1499
1319 1432
1142 748
1255 502
1077 350
424 56
104 790
346 791
416 313
494 683
1249 235
1329 1392
630 1165
467 654
1166 1136
430 483
1082 181
144 1449
1157 1266
74 289
449 1021
646 1122
172 327
662 315
1279 1223
1334 753
1066 789
455 1327
408 1089
137 110
296 485
382 419
1480 634
180 66
1106 485
705 1013
520 856
413 1146
284 1457
71 925
36 866
1500 1282
45 410
533 599
1143 1047
1238 1240
1096 1237
1263 874
571 542
436 1107
1388 682
2000
1 329 
1 703 
2 699 1520 
2 339 733 
1 143 
4 216 285 702 1363 
1 1854 
2 113 1152 
4 965 981 1410 1635 
2 1363 1590 
3 939 1065 1907 
1 162 
4 1186 1262 1530 1943 
1 1081 
4 2 134 941 1096 
2 142 613 
3 124 830 1568 
2 403 1842 
1 321 
3 105 165 476 
3 307 554 1914 
1 1731 
1 1568 
4 192 520 1127 1523 
4 249 578 1083 1353 
3 636 945 1749 
1 392 
2 68 1884 
4 235 550 1225 1839 
3 142 721 1840 
2 1378 1858 
4 297 1434 1553 1979 
3 260 750 1393 
1 615 
1 429 
3 138 917 1784 
2 72 522 
2 854 1660 
1 1465 
1 1200 
4 147 370 380 953 
3 534 1494 1566 
2 903 1280 
3 858 1089 1846 
3 17 53 1842 
1 1032 
2 1375 1967 
4 209 428 483 853 
2 1126 1856 
1 1580 
2 706 1913 
4 494 550 1289 1857 
1 1124 
1 1304 
1 814 
1 863 
4 414 569 1482 1931 
3 68 891 1698 
4 617 824 976 1577 
4 399 561 1149 1627 
2 152 196 
4 148 637 1127 1532 
1 470 
2 556 1082 
1 1945 
3 21 744 799 
3 22 470 647 
4 162 1098 1296 1970 
1 67 
2 1608 1860 
2 1036 1637 
2 273 521 
3 456 733 1763 
4 325 993 1129 1866 
2 1735 1798 
4 103 654 1113 1842 
2 684 1543 
2 1074 1164 
4 73 444 799 1614 
3 112 697 1399 
4 59 597 811 1383 
4 722 840 1255 1463 
3 892 1872 1975 
2 511 936 
4 65 87 625 866 
4 600 709 1607 1801 
3 656 1188 1378 
1 1772 
3 1051 1349 1959 
3 659 908 1698 
1 1489 
1 1100 
3 657 1277 1873 
4 329 374 955 1954 
1 1786 
3 550 1220 1628 
1 1304 
4 28 596 886 1541 
2 619 1954 
3 446 999 1094 
3 539 1187 1240 
4 726 937 1068 1823 
3 213 649 1241 
2 1385 1556 
4 28 386 806 825 
4 10 294 626 1844 
4 715 757 839 1911 
2 903 1120 
2 197 1071 
2 384 1107 
3 95 349 545 
2 248 700 
4 199 248 1385 1894 
1 1103 
2 1378 1689 
3 277 1076 1536 
3 639 919 1241 
3 197 635 1224 
2 331 623 
2 950 1419 
1 594 
3 820 1410 1550 
1 544 
3 253 466 915 
3 441 1634 1653 
1 92 
2 214 716 
2 511 861 
1 1566 
2 309 779 
2 546 1506 
1 96 
1 1743 
4 89 631 1805 1944 
2 1321 1729 
2 1619 1932 
2 188 1194 
3 211 1176 1996 
2 1228 1390 
2 668 1850 
1 603 
2 1498 1838 
3 485 1526 1920 
3 57 252 1525 
4 697 1052 1470 1492 
3 143 262 788 
2 846 1392 
1 598 
1 1569 
1 42 
1 1811 
1 987 
1 913 
1 1397 
4 479 963 1061 1550 
4 747 893 1558 1635 
1 927 
4 1003 1744 1909 1927 
4 149 1130 1170 1436 
1 1721 
3 187 524 1116 
1 940 
1 203 
4 455 936 1189 1704 
2 1381 1461 
3 1773 1884 1935 
2 503 1959 
2 1284 1937 
4 1034 1261 1295 1914 
4 92 199 738 1594 
2 854 1595 
4 489 1051 1853 1868 
1 1534 
4 245 627 963 1932 
2 156 1209 
1 1310 
4 358 718 1174 1589 
2 1809 1815 
1 1591 
1 978 
1 1752 
3 46 715 845 
4 935 1074 1258 1350 
1 1159 
4 828 1764 1950 1954 
2 661 1230 
2 185 1611 
2 268 1746 
2 747 1760 
3 166 602 1657 
1 1002 
1 1045 
1 468 
2 1584 1758 
3 502 1125 1345 
4 365 463 489 588 
2 124 1379 
3 9 352 1272 
1 1421 
4 1211 1354 1521 1932 
2 496 1128 
4 122 392 1555 1566 
1 917 
2 1034 1617 
4 244 478 690 1740 
1 497 
2 831 1524 
3 98 204 460 
4 1064 1454 1843 1992 
4 32 1314 1346 1841 
3 584 992 1229 
2 423 1370 
4 230 610 752 1693 
2 99 1239 
1 1963 
1 539 
4 43 210 967 1736 
3 448 647 697 
2 566 669 
1 729 
4 174 299 788 1846 
4 887 1535 1789 1937 
3 152 1623 1898 
2 297 1631 
4 309 1432 1568 1933 
2 644 1918 
1 362 
1 91 
1 767 
2 1619 1749 
2 736 1505 
3 75 477 1526 
2 673 1107 
1 1405 
3 171 232 982 
1 702 
3 794 1267 1270 
4 351 378 434 1860 
1 1720 
1 549 
1 1725 
2 1829 1976 
4 433 490 1452 1697 
4 676 1363 1834 1978 
1 907 
1 1668 
2 322 1988 
3 15 293 474 
1 1903 
1 376 
3 6 375 1269 
2 615 872 
2 891 1585 
1 1016 
3 1038 1079 1869 
1 1542 
1 465 
2 786 1811 
4 549 680 1750 1883 
2 21 358 
3 668 1760 1786 
4 157 265 1807 1919 
2 349 692 
1 712 
1 1294 
2 1017 1351 
3 158 775 1906 
1 651 
3 262 265 966 
1 654 
2 1341 1700 
4 59 434 910 1079 
1 229 
4 1048 1386 1394 1495 
2 1314 1699 
3 331 1066 1825 
4 94 179 958 1498 
1 1177 
1 1113 
1 639 
2 335 505 
4 180 522 1299 1339 
3 123 351 772 
4 139 599 953 1443 
2 545 1908 
2 28 217 
4 119 249 1051 1746 
4 567 789 1215 1583 
1 616 
3 442 927 1671 
4 330 873 1112 1170 
3 393 751 1615 
2 235 1756 
3 54 211 878 
1 617 
3 1124 1371 1693 
3 231 411 666 
1 32 
3 294 1271 1336 
3 379 420 1553 
4 124 904 1333 1444 
4 944 993 1261 1603 
3 1488 1497 1928 
1 594 
4 121 520 553 1482 
4 1335 1549 1581 1776 
3 1233 1774 1805 
4 14 670 1563 1763 
3 101 941 1940 
3 113 652 1208 
4 254 519 948 1356 
4 807 1389 1495 1757 
2 1190 1205 
4 754 1208 1657 1700 
2 330 837 
1 991 
2 952 1207 
1 751 
4 241 716 1163 1719 
2 395 733 
2 1940 1995 
3 78 1366 1623 
3 209 1043 1460 
1 479 
2 784 989 
1 667 
2 1068 1705 
4 48 776 889 1291 
2 368 947 
4 259 498 1066 1971 
1 90 
2 580 702 
3 41 210 1853 
4 284 332 602 1675 
3 443 528 1007 
3 279 408 1502 
1 1192 
3 348 488 1036 
2 7 772 
4 308 675 1208 1599 
1 1993 
2 613 1504 
3 425 466 1741 
4 752 807 1047 1961 
1 605 
3 7 1259 1357 
4 264 317 1022 1859 
2 1573 1826 
1 1486 
2 99 1562 
2 171 1049 
1 1062 
3 474 727 1169 
4 528 887 1921 1997 
4 43 628 685 1900 
1 1771 
3 624 820 880 
3 515 1700 1745 
1 571 
3 39 1778 1958 
1 224 
4 460 1170 1205 1778 
4 175 347 1663 1691 
3 560 1457 1792 
2 409 1951 
3 60 1233 1422 
1 590 
1 1461 
3 37 75 467 
1 1893 
3 243 550 661 
2 1254 1350 
4 965 1190 1252 1274 
4 94 698 914 1751 
4 726 845 869 1744 
4 333 1177 1562 1812 
2 1231 1823 
1 1965 
1 1152 
3 548 1643 1782 
4 804 1054 1168 1394 
3 33 406 1050 
4 477 1154 1208 1333 
1 407 
2 396 1742 
2 312 1605 
3 618 1353 1623 
3 825 1205 1870 
2 29 1907 
1 1004 
2 510 1203 
3 927 1071 1577 
4 403 664 771 1036 
1 1660 
2 1384 1923 
2 227 1769 
4 117 160 314 913 
1 72 
4 401 569 1688 1756 
3 215 838 967 
4 42 1466 1614 1849 
4 157 762 946 1010 
3 711 834 1350 
1 653 
2 717 1646 
2 736 922 
4 433 758 830 1446 
2 90 675 
2 989 1421 
1 1932 
1 754 
3 22 1548 1753 
1 1275 
1 244 
1 1345 
2 695 776 
2 87 310 
1 1593 
1 1354 
4 100 681 1418 1628 
3 317 1091 1230 
1 255 
3 44 407 1217 
4 265 805 848 1111 
3 199 833 1514 
1 386 
4 328 443 597 1431 
3 84 962 1119 
4 409 575 617 1748 
1 63 
1 1806 
4 1 36 1330 1404 
4 922 1332 1518 1990 
4 11 442 781 989 
1 194 
3 121 1604 1982 
4 82 338 539 1940 
2 88 1049 
4 167 209 298 1523 
4 207 234 386 764 
4 401 848 1344 1851 
3 1095 1575 1882 
3 219 575 926 
4 283 297 1057 1568 
3 612 988 1573 
2 380 493 
2 831 1815 
4 814 926 1123 1608 
3 27 274 900 
1 160 
3 249 1021 1350 
4 113 322 361 1877 
1 1626 
1 476 
3 312 406 1903 
4 32 1419 1436 1930 
4 319 538 999 1556 
2 773 1266 
1 61 
3 586 761 1007 
3 372 460 1031 
2 1145 1936 
2 164 989 
3 823 1813 1885 
1 478 
3 1105 1325 1532 
1 515 
2 802 832 
1 1675 
2 553 1159 
4 362 475 1403 1431 
3 521 532 985 
2 139 1322 
4 434 728 1376 1531 
1 932 
2 110 492 
2 1430 1614 
1 467 
4 995 1357 1378 1405 
2 983 1604 
4 409 437 1269 1665 
3 423 513 884 
2 1241 1921 
3 414 1778 1994 
1 1719 
2 300 620 
3 142 1094 1528 
1 1931 
3 446 1453 1497 
1 1937 
3 319 503 626 
2 211 315 
1 1574 
3 1118 1610 1626 
3 377 881 969 
4 548 781 1063 1079 
1 204 
2 327 376 
4 404 691 1683 1875 
3 235 844 1788 
2 165 905 
2 1035 1293 
3 249 1692 1845 
1 771 
2 134 1361 
4 305 541 1908 1942 
1 1553 
2 70 1812 
4 316 958 1786 1927 
1 1775 
2 1041 1271 
2 83 549 
3 396 1028 1468 
1 1674 
3 27 1006 1337 
1 242 
2 884 1838 
2 970 1884 
2 822 1908 
3 282 708 1183 
1 1418 
4 479 1297 1372 1758 
3 268 307 1213 
2 471 1979 
3 311 791 1566 
2 232 1195 
2 615 1761 
3 483 762 1743 
2 511 617 
1 1594 
3 505 547 1478 
1 431 
3 700 1016 1146 
4 142 337 1254 1547 
1 621 
1 1666 
3 261 1308 1776 
3 460 521 1170 
2 127 1969 
4 828 996 1208 1521 
4 75 595 965 1861 
3 5 1327 1473 
1 134 
3 1067 1499 1879 
2 818 1764 
2 444 690 
4 10 444 537 1622 
2 589 863 
1 1713 
1 234 
3 60 251 719 
1 1796 
3 831 1449 1567 
2 591 1385 
4 369 763 1213 1293 
1 1621 
3 149 883 1375 
1 976 
4 121 804 891 1015 
4 417 1346 1439 1626 
1 1361 
3 402 861 1285 
2 249 912 
4 191 479 1848 1909 
3 701 1277 1354 
1 732 
1 845 
1 750 
1 1803 
3 385 1256 1674 
1 1972 
3 20 946 1139 
1 364 
1 1166 
3 379 762 1364 
3 516 946 1293 
2 784 1586 
2 120 1321 
3 151 1345 1759 
4 15 168 527 721 
3 63 402 1795 
4 245 1366 1533 1933 
2 1539 1978 
4 140 291 1083 1424 
1 820 
3 418 617 895 
3 166 343 930 
4 501 693 1783 1975 
3 486 1378 1682 
4 359 1224 1512 1936 
2 726 1639 
1 1138 
1 93 
2 1182 1330 
2 177 1852 
3 97 1385 1870 
2 12 583 
3 228 558 1504 
3 1065 1094 1990 
3 1373 1811 1877 
2 411 1203 
2 1043 1814 
3 541 1200 1517 
1 223 
2 12 693 
3 276 280 357 
3 355 1317 1727 
1 755 
4 173 530 1340 1979 
1 429 
3 1119 1219 1711 
3 892 896 1146 
3 1080 1637 1875 
3 119 623 863 
3 727 1273 1703 
3 770 1075 1209 
1 1328 
3 182 836 1817 
4 62 250 455 1727 
3 81 426 945 
3 395 534 1520 
2 808 1131 
2 1545 1563 
4 157 605 912 1228 
1 880 
1 1752 
1 371 
2 200 465 
3 219 339 1352 
3 280 1226 1705 
4 491 1705 1906 1969 
2 867 927 
2 644 1151 
2 896 932 
3 879 1239 1735 
1 1184 
2 573 1078 
1 1034 
1 1124 
4 303 482 497 750 
2 149 1745 
2 684 987 
4 208 641 1247 1742 
3 529 654 1494 
1 590 
4 352 477 1196 1911 
4 59 116 314 1716 
3 221 1332 1808 
4 65 425 1820 1877 
2 792 906 
3 14 996 1927 
2 87 251 
1 1866 
2 206 711 
1 1730 
4 557 1352 1520 1693 
2 645 795 
3 250 932 1436 
2 441 765 
2 139 1337 
2 21 1492 
3 637 810 1069 
4 573 664 910 1019 
2 193 1251 
4 601 1248 1303 1439 
2 1297 1812 
4 117 611 1545 1731 
2 96 1575 
4 127 1010 1099 1139 
2 1382 1853 
3 1048 1485 1799 
4 590 1448 1494 1636 
3 714 1024 1805 
2 502 1810 
2 447 1209 
3 928 970 1127 
3 398 496 1221 
4 72 198 1649 1979 
2 1057 1346 
2 3 355 
4 239 356 1203 1549 
4 515 1064 1097 1785 
4 64 394 593 1871 
2 786 1873 
1 1245 
4 1477 1538 1857 1921 
3 627 1793 1919 
3 1605 1694 1803 
2 453 1351 
2 796 1048 
1 1696 
2 75 196 
2 1211 1774 
1 1724 
4 325 499 1511 1515 
3 860 1451 1925 
1 1227 
1 1857 
3 996 1137 1451 
2 1291 1757 
3 350 638 1892 
4 140 873 1248 1406 
1 725 
4 770 988 1418 1982 
3 27 1332 1636 
1 1240 
4 278 1132 1361 1989 
3 95 256 1964 
3 39 728 1181 
4 264 591 1363 1566 
1 321 
2 414 727 
4 359 814 1352 1704 
3 100 1126 1783 
4 684 927 1272 1545 
1 1245 
4 66 141 464 1059 
2 291 548 
2 1142 1473 
3 124 725 1029 
3 284 1079 1827 
2 305 1390 
4 177 185 623 1840 
3 371 911 1344 
2 320 1121 
2 247 383 
3 1596 1614 1954 
1 865 
3 746 870 1622 
3 164 189 1060 
1 224 
2 34 710 
2 428 1286 
3 109 340 783 
2 159 973 
1 956 
2 960 1050 
2 155 1136 
1 761 
1 149 
1 1474 
1 1543 
3 353 1493 1777 
3 38 249 1136 
3 505 739 1766 
3 1544 1707 1790 
3 163 564 617 
2 1602 1733 
3 88 1045 1133 
2 1813 1900 
3 360 825 1365 
1 108 
4 707 774 1126 1185 
2 745 1341 
3 482 1027 1501 
3 438 487 1297 
4 363 900 1737 1860 
4 115 738 945 1730 
3 1038 1230 1231 
4 351 429 845 944 
2 376 1144 
1 1271 
4 26 407 459 1389 
4 617 1301 1619 1735 
3 363 1149 1349 
2 346 1728 
2 977 1763 
1 1890 
2 494 1712 
2 741 873 
3 1526 1625 1706 
3 529 797 1393 
4 486 932 1026 1486 
4 776 803 1713 1790 
1 179 
3 217 1102 1150 
3 1061 1127 1836 
3 252 458 661 
2 496 1969 
2 501 864 
3 93 1336 2000 
3 338 918 1081 
1 147 
2 534 929 
2 678 725 
3 97 470 1651 
3 522 1050 1660 
1 831 
3 823 1131 1575 
2 1255 1329 
3 672 922 1855 
1 222 
1 1096 
1 141 
1 477 
2 297 1033 
4 402 1787 1923 1955 
3 155 445 869 
2 167 915 
4 537 697 893 1586 
3 54 776 1616 
1 1509 
2 659 986 
2 336 475 
3 54 1190 1535 
3 840 1025 1821 
3 757 1379 1807 
4 161 1213 1259 1969 
3 950 1536 1897 
3 255 874 909 
4 242 480 842 1267 
4 18 1200 1429 1613 
2 604 1793 
3 293 810 1149 
4 341 374 1070 1187 
3 226 470 570 
4 44 242 1197 1968 
3 514 653 982 
1 559 
3 1054 1498 1936 
1 1597 
4 98 566 579 1510 
2 215 1461 
4 562 741 845 1723 
2 395 429 
1 1039 
4 344 419 479 826 
4 422 540 985 1211 
3 773 1384 1681 
1 16 
1 1150 
2 107 483 
2 290 1728 
2 103 199 
4 663 670 1172 1212 
4 222 429 1537 1662 
3 304 678 1216 
1 972 
4 168 184 908 1983 
4 1077 1428 1685 1999 
2 396 652 
2 1129 1549 
4 168 308 1260 1681 
1 1361 
2 379 1064 
3 43 1605 1802 
4 193 212 1717 1895 
1 1150 
4 658 683 1279 1447 
2 109 1120 
4 45 323 872 1515 
2 1392 1509 
2 107 1178 
4 816 898 946 1067 
2 452 1499 
4 169 194 727 979 
4 71 210 275 654 
3 917 1192 1774 
3 57 971 1935 
3 540 1007 1024 
4 177 188 1074 1849 
3 344 606 1034 
1 768 
2 1364 1808 
2 651 1156 
2 1489 1769 
3 2 663 696 
4 936 1059 1366 1887 
2 1304 1750 
1 578 
4 381 581 815 1527 
1 1664 
1 1338 
3 514 1118 1232 
4 590 788 836 1455 
4 688 1440 1619 1730 
4 61 1143 1277 1634 
2 1076 1394 
3 220 251 1473 
3 95 596 1860 
1 1942 
3 1016 1363 1854 
1 1572 
4 491 529 794 1960 
3 839 1061 1390 
1 1689 
1 124 
1 324 
3 358 815 1718 
4 29 1347 1680 1933 
2 370 1899 
2 556 1032 
2 1204 1749 
4 206 972 1810 1929 
4 368 397 1090 1981 
2 1218 1716 
2 592 704 
1 134 
4 121 412 742 1369 
4 463 524 1090 1327 
1 144 
1 1346 
1 1275 
2 1165 1242 
4 704 1106 1216 1915 
1 966 
2 173 385 
1 939 
2 1188 1237 
3 827 1471 1716 
2 554 1562 
1 1913 
2 632 1888 
2 1018 1167 
2 813 1078 
4 571 922 988 1160 
1 1508 
4 820 1208 1775 1836 
3 295 726 1224 
4 3 195 1044 1434 
4 730 764 1684 1864 
3 827 1344 1778 
2 1378 1971 
1 542 
4 1473 1622 1670 1967 
3 830 1103 1794 
3 930 1447 1818 
4 199 1151 1154 1760 
1 1814 
2 503 630 
3 674 1431 1452 
3 786 1517 1792 
1 294 
3 421 915 1169 
1 996 
2 574 703 
2 114 1342 
2 716 936 
3 32 1037 1496 
1 1960 
4 370 661 1515 1769 
1 302 
1 801 
1 1750 
2 223 430 
3 980 1109 1679 
4 552 1216 1243 1486 
1 1734 
2 114 643 
4 24 243 1516 1820 
1 1076 
2 145 1411 
2 80 1223 
4 318 1384 1971 1992 
3 71 493 1255 
3 1291 1803 1809 
3 1 634 1113 
1 1444 
3 763 953 1025 
4 522 876 1696 1839 
2 259 1139 
1 300 
1 115 
1 916 
3 444 1694 1828 
3 807 1513 1647 
3 168 346 1292 
3 571 876 1869 
3 347 582 1490 
2 1121 1743 
2 135 1075 
2 1057 1123 
4 131 185 1498 1780 
1 349 
4 360 713 795 1122 
4 429 1247 1320 1825 
1 639 
3 1079 1188 1819 
3 842 1166 1654 
2 769 1283 
4 738 839 1763 1921 
1 863 
4 136 431 1012 1164 
2 1247 1442 
2 896 1292 
1 877 
4 995 1225 1662 1695 
1 547 
4 454 954 1427 1714 
4 597 646 861 1989 
3 350 739 1522 
3 586 836 1285 
1 587 
4 1082 1302 1619 1796 
3 1465 1796 1962 
2 537 996 
3 57 160 1043 
2 362 834 
1 1344 
2 628 767 
3 49 296 1368 
3 328 1494 1714 
3 314 690 918 
2 33 221 
3 159 1010 1834 
2 857 1437 
3 142 350 1672 
2 302 790 
3 1371 1577 1715 
1 415 
1 1049 
3 169 1039 1711 
3 691 1184 1677 
1 626 
4 15 1097 1586 1919 
3 356 970 1930 
3 1345 1807 1898 
1 1517 
1 1706 
2 71 146 
2 1061 1837 
3 38 590 1667 
2 375 1287 
4 210 272 1260 1985 
4 363 1333 1417 1548 
4 440 451 766 1081 
2 1115 1576 
3 390 771 1624 
2 867 950 
3 109 214 1987 
3 564 590 889 
2 967 1347 
2 1133 1226 
3 836 1546 1748 
4 136 785 978 1460 
2 82 1823 
3 154 699 1755 
3 1208 1413 1997 
3 481 503 593 
3 853 966 1136 
4 284 624 803 1380 
2 731 1469 
3 994 1149 1428 
2 6 885 
1 1742 
2 839 1243 
3 354 829 1182 
2 23 33 
3 383 476 1538 
2 547 1543 
3 675 1157 1878 
3 35 124 864 
1 1166 
4 354 678 950 1312 
1 948 
4 703 801 1054 1993 
2 266 698 
3 1258 1342 1665 
2 356 641 
4 208 251 1068 1571 
2 97 761 
1 788 
1 1321 
2 1701 1971 
3 169 992 1083 
1 262 
2 1253 1490 
4 468 1157 1650 1821 
1 866 
2 529 1590 
3 1031 1412 1533 
3 635 1212 1540 
3 662 803 1150 
4 485 1435 1635 1990 
2 1598 1640 
3 749 1161 1497 
4 516 1426 1595 1896 
3 420 707 1378 
4 116 819 1293 1892 
2 1531 1774 
4 6 102 1407 1881 
4 920 1051 1399 1879 
3 1578 1718 1791 
3 988 1065 1383 
1 1337 
3 330 457 893 
2 622 1642 
1 1521 
3 1343 1521 1954 
3 51 73 1843 
2 772 1670 
2 183 1228 
1 751 
2 2 1696 
4 46 727 1353 1648 
1 919 
1 1238 
2 293 1438 
4 120 540 753 1937 
1 732 
3 165 226 1385 
2 530 1512 
4 372 480 610 1410 
1 406 
4 43 420 1784 1803 
2 298 681 
1 1546 
3 1192 1405 1617 
2 466 581 
4 558 810 1519 1618 
1 1711 
3 410 1057 1514 
4 150 492 1466 1571 
3 69 246 1418 
4 59 754 1166 1317 
1 684 
3 269 443 564 
4 22 651 1762 1979 
3 475 480 854 
1 339 
2 369 1194 
2 481 846 
4 294 675 805 1384 
1 939 
1 154 
4 831 874 1022 1112 
2 865 1854 
4 570 1230 1569 1754 
4 81 348 452 865 
4 83 864 1069 1346 
1 152 
4 118 541 585 1248 
3 943 1070 1841 
4 208 1182 1737 1986 
2 1785 1983 
3 464 537 1922 
4 35 352 366 788 
4 128 213 1381 1976 
4 296 371 942 1367 
3 616 1182 1539 
4 849 1185 1431 1968 
3 1111 1429 1474 
1 47 
3 30 716 1210 
4 361 1164 1284 1558 
3 154 1206 1883 
3 691 789 1389 
2 581 1396 
1 621 
2 668 1386 
1 150 
1 253 
2 529 1805 
2 922 1560 
3 648 1043 1879 
3 385 1148 1772 
1 867 
4 263 543 544 1237 
2 1539 1751 
3 752 1346 1487 
1 42 
4 497 1171 1630 1658 
3 259 369 1404 
2 62 1859 
4 515 648 1002 1600 
3 209 1657 1658 
1 1285 
1 1583 
2 681 991 
1 358 
3 167 269 1745 
1 1152 
4 226 489 1181 1802 
4 138 916 1056 1487 
3 170 1282 1730 
1 1711 
1 692 
1 1730 
4 60 1104 1314 1502 
2 1113 1988 
2 142 1545 
4 253 269 509 1715 
3 467 765 791 
4 628 1138 1509 1821 
4 1317 1375 1850 1919 
2 301 1790 
2 237 1767 
1 184 
3 321 934 1645 
2 552 895 
4 75 595 1131 1310 
4 511 996 1168 1698 
1 1595 
4 449 908 1338 1683 
4 69 116 367 503 
3 390 1149 1379 
2 219 1136 
2 957 1371 
1 235 
3 432 808 1186 
1 1932 
3 344 810 1820 
3 613 977 1447 
3 97 639 746 
2 917 1935 
1 208 
2 431 541 
1 1538 
2 551 1039 
4 677 781 1114 1910 
1 903 
4 416 1073 1231 1760 
1 1196 
4 13 534 1317 1674 
1 681 
3 678 737 1496 
1 914 
1 1885 
3 554 701 879 
2 736 804 
3 232 1579 1651 
2 895 1045 
2 903 1965 
3 1056 1303 1850 
4 105 490 633 1790 
1 15 
2 265 1766 
4 380 668 777 1951 
1 1156 
3 711 1749 1794 
4 2 274 484 958 
1 602 
2 1348 1480 
1 531 
1 1601 
4 207 975 979 1488 
1 1427 
2 13 881 
4 181 803 1020 1562 
3 1290 1581 1731 
4 388 838 1151 1427 
2 577 858 
4 367 667 804 1221 
2 62 1048 
2 550 970 
4 95 498 561 1164 
3 624 1061 1358 
1 394 
4 499 1088 1804 1931 
2 1102 1931 
4 21 99 609 1887 
1 655 
3 271 550 1239 
1 1739 
3 884 1085 1862 
1 1519 
3 138 233 872 
2 137 642 
1 1682 
3 19 244 326 
3 701 988 1139 
4 724 1184 1579 1926 
2 639 1828 
3 834 1351 1759 
3 1044 1477 1731 
1 104 
1 1629 
1 1390 
1 268 
2 1335 1797 
3 281 1954 1965 
1 259 
4 248 475 545 851 
1 155 
2 535 759 
4 326 493 1212 1478 
2 323 1228 
3 40 1592 1838 
2 803 1618 
2 13 239 
1 31 
3 56 552 1038 
2 1100 1456 
2 841 1714 
3 1282 1936 2000 
4 33 100 571 1659 
4 247 797 945 1658 
1 304 
3 433 625 1173 
2 492 1919 
2 350 958 
4 822 1682 1897 1922 
2 1287 1682 
1 894 
3 94 458 1616 
4 718 950 1308 1781 
1 1284 
3 647 1200 1242 
4 176 1342 1556 1582 
4 398 413 907 1353 
4 232 306 578 1015 
2 144 1435 
1 603 
4 306 539 1250 1930 
4 658 1199 1552 1652 
1 1064 
4 974 1444 1879 1937 
3 355 595 1390 
3 69 955 973 
4 37 1057 1340 1631 
4 225 903 1025 1911 
2 26 785 
1 1094 
4 93 438 783 1387 
2 208 1485 
1 19 
3 1251 1503 1822 
4 604 707 888 1564 
3 753 1473 1628 
1 228 
4 381 1344 1605 1925 
4 93 913 1088 1746 
1 863 
2 1055 1185 
3 588 619 902 
1 1115 
2 964 1425 
2 676 1682 
4 453 845 1607 1795 
4 365 591 691 1989 
2 938 949 
4 113 157 434 1541 
3 469 1358 1584 
1 478 
1 953 
2 470 1946 
3 211 1567 1738 
1 1391 
4 316 468 1289 1359 
3 71 251 1680 
4 399 565 622 1793 
4 317 551 1206 1672 
3 480 863 1234 
1 1743 
1 887 
4 81 740 1122 1715 
1 209 
3 501 650 1113 
4 158 1088 1765 1802 
1 1234 
2 396 1385 
4 682 1257 1403 1427 
3 617 972 1395 
4 1170 1284 1541 1921 
2 367 1540 
4 177 247 305 1249 
3 984 1709 1955 
4 78 162 537 1490 
4 1511 1607 1901 1910 
2 1569 1840 
3 235 447 1598 
1 1700 
3 310 646 1011 
4 253 461 835 1621 
3 284 966 1940 
2 684 1960 
2 857 1585 
1 876 
4 322 326 1253 1585 
1 1054 
2 529 1483 
3 822 1597 1713 
2 272 317 
1 915 
3 196 1295 1972 
3 730 1099 1562 
2 840 1773 
1 969 
1 576 
2 806 1131 
3 1134 1305 1730 
4 197 1026 1433 1899 
4 98 279 786 1886 
2 553 1044 
2 282 405 
4 598 835 1275 1338 
3 14 1200 1322 
4 532 667 776 1762 
1 540 
3 824 1020 1297 
2 232 733 
4 474 478 554 643 
1 92 
3 192 490 1336 
2 369 1180 
4 414 512 681 1583 
2 83 121 
4 850 1233 1592 1787 
3 303 1185 1795 
1 1106 
2 924 1352 
1 1775 
3 59 819 1285 
3 674 754 1975 
3 17 415 1388 
4 188 464 954 1946 
4 168 907 1116 1353 
2 829 1344 
2 949 958 
4 454 497 780 1670 
3 1067 1521 1544 
2 1376 1958 
4 621 744 824 1959 
1 775 
1 728 
4 74 138 554 645 
2 1288 1655 
4 1031 1302 1631 1932 
1 1040 
1 61 
4 280 843 1288 1918 
2 386 1432 
2 330 684 
1 688 
3 4 27 208 
2 949 1837 
3 355 418 1606 
3 924 1434 1670 
2 1827 1985 
3 723 1700 1870 
3 918 1870 1907 
1 1316 
3 67 96 172 
4 121 265 359 943 
2 1357 1691 
2 1028 1766 
1 152 
4 283 1108 1421 1758 
4 1118 1188 1363 1571 
4 13 727 1175 1282 
2 890 1873 
3 391 1143 1422 
2 79 728 
4 444 1181 1378 1732 
4 325 801 1165 1503 
3 709 1247 1837 
3 1264 1424 1638 
4 467 817 870 1909 
4 597 660 759 1099 
3 1296 1511 1887 
4 39 46 807 1645 
3 747 1445 1974 
3 166 593 1546 
3 140 701 1107 
2 1130 1494 
3 304 1381 2000 
4 333 470 889 1646 
4 175 787 831 1447 
4 216 1355 1568 1962 
1 1435 
3 704 1469 1707 
4 152 465 1047 1603 
4 162 735 1277 1302 
2 1551 1771 
4 310 459 607 1305 
4 13 371 493 1715 
3 744 1365 1667 
2 368 905 
4 821 835 1173 1592 
2 1247 1644 
2 174 349 
4 88 205 638 1467 
1 898 
1 940 
3 304 422 1578 
1 365 
3 767 1742 1879 
4 253 706 1078 1209 
3 232 498 1147 
3 215 764 1726 
2 597 1815 
1 933 
4 312 850 1042 1139 
2 318 493 
3 27 1554 1813 
1 1710 
2 234 359 
4 35 1367 1468 1695 
4 215 949 1676 1896 
2 1827 1936 
4 739 1106 1518 1655 
4 138 717 741 770 
3 297 1619 1800 
2 1627 1777 
1 1577 
2 863 1828 
4 440 1156 1412 1577 
1 1877 
4 236 1225 1419 1505 
2 1732 1945 
1 692 
2 82 1831 
2 969 1052 
3 358 426 1326 
2 424 1512 
2 176 1362 
1 316 
1 1032 
1 735 
3 780 966 1216 
4 242 989 1631 1682 
4 782 1318 1683 1934 
1 415 
4 266 450 831 1913 
2 1812 1836 
4 454 999 1111 1978 
1 702 
1 1984 
3 542 728 1001 
2 753 1740 
2 558 1398 
1 1879 
2 1232 1953 
3 1173 1665 1686 
1 521 
3 99 1351 1728 
3 1344 1485 1571 
4 661 1033 1687 1942 
3 679 1803 1874 
4 354 1042 1857 1927 
1 1276 
4 812 892 1551 1639 
4 862 1475 1917 1998 
1 1122 
4 1290 1760 1804 1926 
1 514 
2 80 732 
2 1690 1803 
2 1341 1773 
2 63 681 
3 267 436 1401 
1 647 
4 278 508 661 955 
4 617 908 973 1394 
2 1134 1732 
3 522 570 1236 
4 3 288 1612 1982 
2 470 1871 
2 399 926 
3 81 178 220 
2 736 1740 
4 558 1130 1897 1967 
4 176 356 1702 1972 
2 1366 1577 
2 49 1572 
2 947 1886 
1 1751 
1 1673 
2 774 1801 
4 1216 1727 1864 1874 
1 199 
2 801 1347 
4 61 1116 1278 1773 
3 163 183 1551 
4 638 872 1382 1568 
1 1337 
3 337 1241 1766 
2 275 351 
2 1404 1838 
4 822 1400 1813 1845 
1 1549 
1 1870 
4 32 1369 1623 1690 
2 545 1875 
4 23 349 445 1418 
3 1366 1527 1954 
3 58 426 705 
1 1539 
2 1040 1334 
2 198 592 
2 1631 1923 
1 1673 
2 136 1110 
4 1301 1685 1883 1914 
1 1512 
1 1488 
1 1247 
1 1330 
1 856 
4 595 763 918 1521 
4 502 856 1252 1456 
1 1210 
4 1103 1237 1630 1716 
4 172 240 880 1244 
3 57 529 1312 
2 644 1363 
1 926 
3 476 1105 1147 
1 1101 
4 381 896 1177 1196 
3 52 346 1886 
1 784 
4 174 653 1533 1583 
1 660 
1 1670 
1 1634 
3 219 235 561 
3 758 785 1885 
3 655 851 1587 
3 179 453 1913 
4 417 992 1162 1561 
1 1905 
4 42 717 1217 1424 
1 1901 
1 211 
1 445 
3 234 1141 1694 
1 1116 
3 555 1413 1541 
2 287 1689 
2 517 1132 
2 100 1711 
2 493 879 
4 105 232 293 1947 
1 1530 
3 53 482 817 
4 93 386 455 1120 
1 1596 
2 59 1464 
3 1430 1768 1955 
2 329 928 
2 1247 1914 
3 684 857 1457 
1 840 
2 1707 1864 
4 592 1029 1434 1617 
1 1095 
3 875 926 1858 
1 1630 
4 1238 1621 1773 1908 
4 1182 1347 1913 1917 
4 454 797 1101 1708 
3 604 1369 1600 
1 146 
2 1089 1801 
3 699 1269 1530 
1 1401 
2 127 174 
2 861 1723 
2 547 804 
2 544 1462 
2 25 1802 
1 1642 
1 68 
1 107 
2 446 1367 
2 226 1344 
1 1313 
1 217 
4 173 546 916 1792 
2 1586 1710 
1 266 
2 955 1228 
2 230 1859 
3 554 784 819 
2 623 1179 
4 299 1121 1408 1994 
3 630 781 785 
1 1644 
1 618 
2 263 1824 
4 26 287 499 1828 
4 332 411 478 489 
1 48 
4 631 821 1348 1519 
2 1135 1407 
1 371 
3 149 209 1201 
2 169 604 
4 80 449 543 1815 
2 1007 1205 
2 327 596 
4 150 597 944 1909 
4 50 1339 1727 1828 
3 602 836 1188 
2 171 1277 
1 742 
1 1692 
2 632 1103 
3 615 1124 1155 
1 539 
1 92 
1 1450 
3 433 633 1261 
1 799 
3 84 771 1081 
3 659 892 1254 
2 259 917 
4 369 575 856 1168 
4 109 1046 1709 1948 
1 708 
3 43 1045 1613 
1 1644 
2 1268 1279 
3 272 1843 1929 
1 1601 
3 651 1051 1781 
3 515 647 1163 
3 271 512 1553 
4 149 339 974 1770 
4 391 1313 1665 1921 
3 83 531 1147 
4 262 504 1051 1884 
1 1911 
1 320 
1 1712 
1 474 
1 63 
3 420 1079 1537 
3 49 72 596 
4 208 312 1504 1716 
4 896 1228 1721 1813 
1 370 
4 245 400 526 1139 
2 1227 1953 
3 287 478 1371 
1 953 
3 80 830 1230 
1 1572 
3 186 480 1319 
3 826 1507 1667 
2 254 1851 
2 237 1139 
4 1276 1488 1696 1843 
2 617 1628 
2 141 824 
3 311 389 430 
3 87 868 1331 
2 663 1760 
1 1378 
3 910 1292 1302 
2 1423 1859 
2 253 1047 
1 1514 
1 567 
2 48 1360 
1 667 
4 1068 1575 1669 1844 
4 966 1709 1915 1956 
3 443 1267 1761 
4 122 677 1289 1571 
3 304 797 1269 
1 1760 
2 266 1239 
1 879 
3 648 1127 1743 
3 3 321 1378 
1 110 
1 779 
1 1372 
2 1269 1638 
2 616 1126 
3 661 1223 1975 
3 8 302 1851 
2 726 1703 
1 826 
3 712 890 1297 
2 1576 1628 
1 1099 
1 1016 
2 1453 1801 
4 31 701 1315 1677 
2 528 1540 
4 258 623 1205 1789 
3 652 966 1782 
1 1496 
4 319 491 977 1486 
3 31 866 1349 
3 54 270 1830 
2 162 564 
3 302 1180 1458 
4 462 463 1281 1985 
3 705 736 1667 
3 589 1806 1823 
2 628 1206 
3 300 392 1390 
2 182 1129 
2 128 1173 
2 690 907 
3 290 507 824 
4 187 452 790 1952 
3 341 1328 1801 
1 1684 
1 1178 
2 1480 1784 
3 143 791 1089 
3 1582 1588 1630 
1 1491 
4 776 1121 1448 1482 
3 175 324 1445 
2 1053 1420 
3 291 992 1220 
3 247 1276 1617 
3 464 811 880 
4 175 1229 1632 1896 
1 791 
3 706 1050 1811 
3 436 476 650 
4 158 778 1731 1856 
1 392 
3 293 945 1826 
1 629 
4 42 55 264 1055 
2 344 402 
3 432 1197 1599 
4 66 479 1733 1831 
4 583 1153 1569 1927 
2 1106 1365 
2 326 1830 
2 244 825 
2 1341 1487 
4 615 926 1262 1699 
4 1067 1258 1325 1647 
3 50 878 1180 
3 656 952 1241 
1 1264 
3 44 1199 1361 
1 284 
2 17 557 
3 116 931 1975 
3 141 1621 1710 
1 1240 
3 581 621 1515 
2 623 1338 
1 13 
4 984 1405 1580 1892 
1 600 
2 796 1945 
3 478 581 1061 
1 1944 
1 233 
2 1066 1984 
1 661 
2 313 887 
3 972 1324 1849 
1 597 
1 1103 
2 135 731 
1 980 
4 293 323 375 630 
1 108 
1 1428 
4 186 307 1326 1790 
3 341 394 1438 
1 1944 
4 47 321 504 586 
4 318 575 661 1178 
4 475 1340 1603 1943 
3 328 716 991 
1 128 
2 1160 1292 
2 885 1769 
3 1462 1552 1845 
1 654 
2 365 1822 
2 226 1725 
1 1967 
3 154 611 1399 
2 271 969 
2 669 1441 
4 947 1099 1750 1825 
2 17 435 
3 500 1766 1968 
3 188 418 1383 
1 1744 
2 320 1782 
2 18 1052 
2 1113 1533 
4 563 780 1111 1254 
4 485 1219 1469 1925 
1 1892 
4 363 503 879 1833 
2 666 1263 
3 277 903 1119 
2 938 1417 
4 81 250 761 828 
4 161 304 654 961 
2 1503 1611 
4 308 1091 1329 1377 
2 544 1951 
3 767 1195 1977 
1 638 
1 859 
1 1388 
4 136 470 1391 1704 
4 108 768 1885 1945 
4 456 517 989 1702 
4 683 1318 1437 1710 
2 762 1538 
4 57 119 191 1371 
4 677 756 1173 1263 
4 469 602 680 864 
4 486 584 1433 1983 
2 728 1976 
1 1935 
3 386 455 829 
1 1224 
4 125 751 1057 1170 
2 237 1303 
2 1268 1277 
1 776 
2 889 1943 
4 336 575 694 996 
4 110 632 821 1246 
4 737 847 1759 1894 
3 30 549 915 
2 1318 1815 
2 1402 1426 
3 176 1323 1781 
2 93 1583 
3 298 879 1573 
2 244 1406 
2 80 853 
1 1564 
4 579 833 1201 1952 
3 343 780 1792 
3 22 1463 1937 
4 11 960 1344 1876 
3 1066 1071 1795 
1 1867 
4 453 717 784 945 
4 291 676 996 1631 
3 68 1484 1916 
1 1977 
1 587 
4 88 557 1707 1949 
2 173 1027 
2 1150 1375 
3 348 958 1839 
4 402 571 876 1030 
1 514 
3 144 651 1564 
2 544 1851 
3 820 1376 1611 
1 1248 
1 478 
3 220 858 1750 
2 874 1192 
1 1274 
3 511 973 1658 
3 566 972 1751 
4 117 723 894 1205 
2 230 1151 
3 1055 1414 1811 
4 732 1268 1797 1994 
1 1251 
2 115 738 
3 203 288 1358 
3 61 496 1699 
1 1364 
1 1044 
1 421 
1 741 
2 387 420 
2 323 1102 
2 1053 1068 
3 730 974 1184 
2 451 1494 
3 351 446 698 
2 1245 1329 
2 884 1836 
4 692 1237 1608 1915 
1 576 
1 716 
3 1036 1065 1309 
2 765 1099 
2 1190 1622 
2 885 1256 
2 468 1683 
4 65 311 437 865 
3 323 957 1499 
3 408 706 1279 
1 1800 
2 422 846 
2 134 963 
2 1139 1228 
3 450 694 1488 
3 792 1146 1350 
3 71 1622 1787 
4 537 1393 1606 1955 
2 449 1938 
3 168 1972 1989 
3 458 690 1940 
4 477 835 940 1141 
3 12 143 1513 
1 1021 
4 999 1213 1771 1928 
4 750 795 1327 1378 
2 73 1230 
1 853 
